year,account_code,mode,return_margin,return_margin2,return_margin3,E_end,excess_return,upper_limit,acc_return,Emean_return
2007,161005.OF,Random_with_alpha,0.0,1263204.876,5675734.079091457,271601597.07306415,-232689833.7773555,5675734.079091457,479778804.01547366,189191135.96971524
2008,161005.OF,Random_with_alpha,21435109.511694267,21435109.511694267,21435109.511694267,459144236.93538463,320139869.71539235,21435109.511694267,-34413140.492912605,714503650.3898089
2009,161005.OF,Random_with_alpha,177647.42,5337650.785,6835537.472750906,334305661.9478035,1776474.2020093203,6835537.472750906,505342126.6836927,227851249.09169686
2010,161005.OF,Random_with_alpha,19829474.539980512,13898102.597,16058779.5,393761606.96485037,208292994.123158,19829474.539980512,-13002714.853665918,660982484.666017
2011,161005.OF,Random_with_alpha,474440.633,7927843.736,0.0,222260411.56450033,4744406.330044597,15999046.400212314,-123966587.84788091,533301546.67374384
2012,161005.OF,Random_with_alpha,3657870.678,0.0,0.0,540818332.5687677,36578706.77537507,16232606.929096805,282618455.96198803,541086897.6365602
2013,161005.OF,Random_with_alpha,17784982.13843874,17784982.13843874,17784982.13843874,1042215112.5429548,496162475.18234956,17784982.13843874,839736645.7498193,592832737.947958
2014,161005.OF,Random_with_alpha,13104139.932,13790769.683,14949439.131445043,615720331.5393912,131041399.3235153,14949439.131445043,536701573.79303145,498314637.71483475
2015,161005.OF,Random_with_alpha,16445117.731238611,16445117.731238611,16445117.731238611,759062176.7727727,519355566.75941056,16445117.731238611,594625573.1920285,548170591.0412871
2016,161005.OF,Random_with_alpha,0.0,0.0,0.0,155945790.53867373,-71263153.81138054,16317837.97017541,-159199913.2346287,543927932.3391804
2017,161005.OF,Random_with_alpha,5782902.516,11239667.69,4896407.647,519685452.69595283,57829025.16124779,17496903.12087834,235960970.10647923,583230104.029278
2018,161005.OF,Random_with_alpha,19733814.78571995,19733814.78571995,8166352.345,709705601.5468696,227015157.62311393,19733814.78571995,332004486.77133644,657793826.190665
2019,161005.OF,Random_with_alpha,20009634.00894153,20009634.00894153,20009634.00894153,1445808900.1002162,623911753.6615646,20009634.00894153,1298985755.502901,666987800.2980511
2007,340006.OF,Random_with_alpha,2741158.9108967613,2741158.9108967613,2741158.9108967613,644031557.469618,288092214.5648804,2741158.9108967613,956386316.7979995,91371963.69655871
2008,340006.OF,Random_with_alpha,21003874.559989363,21003874.559989363,21003874.559989363,427130322.77671623,313429807.5237144,21003874.559989363,-37684821.51255697,700129151.9996455
2009,340006.OF,Random_with_alpha,0.0,5047629.622,6011673.980526913,279392622.95476097,-16987954.516068816,6011673.980526913,501084168.9234375,200389132.68423045
2010,340006.OF,Random_with_alpha,17338840.182,13578937.016,12631960.153,388829091.25353867,173388401.82422256,20533333.457173012,-53432606.06532056,684444448.5724337
2011,340006.OF,Random_with_alpha,11843106.721,16352048.163,11153254.851,365502638.37375087,118431067.21079636,17846484.42849057,-13705574.192150801,594882814.2830191
2012,340006.OF,Random_with_alpha,463470.686,0.0,0.0,387257585.75803614,4634706.856537402,13424616.717557842,198000467.36616337,447487223.9185947
2013,340006.OF,Random_with_alpha,17724418.54678811,17724418.54678811,17724418.54678811,895957707.8491249,338662460.77074885,17724418.54678811,680970736.224601,590813951.5596037
2014,340006.OF,Random_with_alpha,1027385.813,3933540.47,13086597.087749626,455908949.309764,10273858.132145166,13086597.087749626,446201667.22782123,436219902.92498755
2015,340006.OF,Random_with_alpha,17428872.74188114,6061798.334,17274769.362,545647096.9157369,207536397.7682094,17428872.74188114,294070777.2956804,580962424.7293713
2016,340006.OF,Random_with_alpha,0.0,0.0,0.0,148421757.46912378,-135821698.6918507,18422880.17001915,-213703412.96643794,614096005.667305
2017,340006.OF,Random_with_alpha,0.0,0.0,0.0,198560145.07830232,-182396853.1133666,13343152.945097486,-2143638.1314344406,444771764.8365829
2018,340006.OF,Random_with_alpha,17446796.937,17728458.702538982,1469879.095,546080110.6041836,174467969.37252432,17728458.702538982,239600031.68592358,590948623.4179661
2019,340006.OF,Random_with_alpha,18324202.336611714,18324202.336611714,18324202.336611714,1198097917.1219387,381662066.62699413,18324202.336611714,1028092795.7334487,610806744.5537238
2007,163402.OF,Random_with_alpha,2755606.948481108,2755606.948481108,2755606.948481108,656208628.9406661,318178591.93382025,2755606.948481108,969782845.2905445,91853564.94937027
2008,163402.OF,Random_with_alpha,21117419.950549815,21117419.950549815,21117419.950549815,405772594.4204916,291855641.47671545,21117419.950549815,-62819969.167614214,703913998.3516605
2009,163402.OF,Random_with_alpha,0.0,269483.679,5817100.929125172,182024473.224198,-105330855.18357313,5817100.929125172,406786560.1412492,193903364.3041724
2010,163402.OF,Random_with_alpha,9584711.464,7107716.946,5257918.508,348762144.1996618,95847114.64406358,20911783.193111356,-130486034.28177331,697059439.7703786
2011,163402.OF,Random_with_alpha,4807485.863,8086747.787,4301929.837,291056824.4939717,48074858.627486944,16983389.72363486,-76162037.01550725,566112990.7878287
2012,163402.OF,Random_with_alpha,0.0,0.0,0.0,485068344.67519313,-20689233.570124805,15750188.813240342,227977497.4582014,525006293.77467805
2013,163402.OF,Random_with_alpha,18178695.228073124,18178695.228073124,18178695.228073124,875768581.5291356,301763745.1788291,18178695.228073124,655554186.2321641,605956507.6024375
2014,163402.OF,Random_with_alpha,13129162.538925601,13129162.538925601,13129162.538925601,598397149.3871907,172167599.1827582,13129162.538925601,653129928.061779,437638751.29752004
2015,163402.OF,Random_with_alpha,17536362.90699178,17536362.90699178,17536362.90699178,731585550.2539501,434250715.4009477,17536362.90699178,509185646.4705509,584545430.2330593
2016,163402.OF,Random_with_alpha,9639085.953,10430554.084,12666837.644,421203299.81538475,96390859.53087917,20490165.690299705,31707302.168437567,683005523.0099902
2017,163402.OF,Random_with_alpha,4251674.613,6548482.916,6765744.923,379895939.325172,42516746.12573248,12940151.237645175,205954384.8602988,431338374.58817255
2018,163402.OF,Random_with_alpha,20050411.28717707,20050411.28717707,9533131.09,722688071.653729,238005456.631086,20050411.28717707,349688581.96896875,668347042.9059024
2019,163402.OF,Random_with_alpha,16876199.990546327,16876199.990546327,16876199.990546327,988515150.4290155,207226593.42049575,16876199.990546327,820640272.2491987,562539999.6848776
2007,519005.OF,Random_with_alpha,0.0,0.0,4680801.492562158,211146308.80371168,-316357614.6856468,4680801.492562158,408852351.97928274,156026716.4187386
2008,519005.OF,Random_with_alpha,10142328.558,11731480.414,4554866.498,316624229.0571341,101423285.57695124,22262280.169566307,-248381682.12894848,742076005.6522102
2009,519005.OF,Random_with_alpha,0.0,0.0,5233895.429794053,173594135.91620162,-50885389.85718942,5233895.429794053,480764808.69058204,174463180.9931351
2010,519005.OF,Random_with_alpha,6378841.2,509760.114,2061064.668,309501381.37245154,63788412.00228566,20442344.150930356,-158345025.4265965,681411471.6976786
2011,519005.OF,Random_with_alpha,0.0,0.0,0.0,173790111.1138284,-58818130.79492992,15635508.459089356,-183797562.9371582,521183615.3029785
2012,519005.OF,Random_with_alpha,0.0,0.0,0.0,252486767.25663307,-129144050.81741011,13274437.207384257,71621781.19113767,442481240.2461419
2013,519005.OF,Random_with_alpha,0.0,1407884.311,5712470.638,501335998.50298685,-960716.0452484488,17582530.54286714,398150378.2255196,586084351.4289047
2014,519005.OF,Random_with_alpha,0.0,0.0,0.0,174313422.93210995,-220042019.5914352,11768273.167704744,148996307.4995216,392275772.25682485
2015,519005.OF,Random_with_alpha,0.0,0.0,0.0,167642193.75710294,-86404938.59672832,16180794.789421104,-26658447.846821304,539359826.3140368
2016,519005.OF,Random_with_alpha,0.0,0.0,0.0,124431911.25445135,-195535604.39590383,17858151.585999385,-308872383.9521935,595271719.5333128
2017,519005.OF,Random_with_alpha,4243094.211,17526224.177711315,2631133.738,430907626.3611117,42430942.10967249,17526224.177711315,213621597.69963902,584207472.5903772
2018,519005.OF,Random_with_alpha,17884891.76397233,17884891.76397233,4036843.977,544041950.0896137,211394616.946625,17884891.76397233,267254172.80245805,596163058.7990777
2019,519005.OF,Random_with_alpha,16063868.49561859,16063868.49561859,16063868.49561859,976488331.4822718,312932309.54183984,16063868.49561859,898013079.1826808,535462283.1872863
